#         t          x          y          z         vx         vy         vz
      0.000    -98.560   -120.020   -127.790    -28.240    173.930     91.530
      0.100   -101.002   -102.202   -118.165    -20.608    182.428    100.971
      0.200   -102.583    -83.521   -107.533    -11.001    191.192    111.667
      0.300   -103.070    -63.962    -95.758      1.253    199.980    123.839
      0.400   -102.153    -43.549    -82.681     17.092    208.278    137.691
      0.500    -99.410    -22.384    -68.133     37.768    215.041    153.275
      0.600    -94.285     -0.719    -51.961     64.738    218.258    170.162
      0.700    -86.101     20.916    -34.116     98.946    214.428    186.731
      0.800    -74.216     41.583    -14.818    138.749    198.911    199.230
      0.900    -58.415     59.999      5.265    177.261    169.415    202.436
      1.000    -39.314     75.040     25.061    204.767    131.408    193.485
      1.100    -18.174     86.319     43.601    218.034     94.169    177.324
      1.200      3.754     94.174     60.423    220.530     62.924    159.099
      1.300     25.621     99.240     75.463    216.804     38.393    141.718
      1.400     46.961    102.133     88.858    209.988     19.481    126.184
      1.500     67.552    103.350    100.798    201.837      4.854    112.611
      1.600     87.307    103.263    111.469    193.261     -6.587    100.802
      1.700    106.206    102.151    121.034    184.716    -15.658     90.493
      1.800    124.262    100.221    129.630    176.416    -22.946     81.433
      1.900    141.506     97.630    137.372    168.456    -28.872     73.409
      2.000    157.972     94.499    144.355    160.868    -33.740     66.249
      2.100    173.698     90.924    150.658    153.651    -37.775     59.811
      2.200    188.720     86.978    156.347    146.789    -41.143     53.982
      2.300    203.072     82.722    161.480    140.260    -43.971     48.672
      2.400    216.787     78.206    166.104    134.039    -46.356     43.806
      2.500    229.894     73.469    170.260    128.099    -48.372     39.322
      2.600    242.420     68.547    173.985    122.418    -50.081     35.172
      2.700    254.390     63.466    177.309    116.973    -51.528     31.313
      2.800    265.825     58.252    180.261    111.743    -52.751     27.710
      2.900    276.748     52.926    182.863    106.709    -53.783     24.334
      3.000    287.176     47.504    185.138    101.855    -54.647     21.160
      3.100    297.127     42.003    187.104     97.165    -55.366     18.166
      3.200    306.617     36.437    188.779     92.626    -55.955     15.334
      3.300    315.659     30.818    190.178     88.224    -56.431     12.648
      3.400    324.268     25.156    191.315     83.948    -56.805     10.093
      3.500    332.455     19.462    192.203     79.787    -57.088      7.659
      3.600    340.231     13.743    192.852     75.734    -57.288      5.334
      3.700    347.606      8.008    193.274     71.778    -57.413      3.109
      3.800    354.591      2.264    193.479     67.911    -57.470      0.976
      3.900    361.193     -3.483    193.474     64.128    -57.463     -1.074
      4.000    367.420     -9.226    193.268     60.420    -57.398     -3.046
      4.100    373.280    -14.960    192.868     56.782    -57.280     -4.946
      4.200    378.780    -20.679    192.282     53.208    -57.110     -6.780
      4.300    383.925    -26.380    191.515     49.693    -56.893     -8.552
      4.400    388.721    -32.056    190.574     46.231    -56.632    -10.267
      4.500    393.173    -37.704    189.465     42.819    -56.327    -11.929
      4.600    397.287    -43.319    188.191     39.451    -55.982    -13.541
      4.700    401.066    -48.898    186.759     36.124    -55.598    -15.106
      4.800    404.514    -54.437    185.172     32.834    -55.176    -16.628
      4.900    407.634    -59.932    183.435     29.577    -54.717    -18.110
      5.000    410.431    -65.379    181.552     26.350    -54.223    -19.552
      5.100    412.906    -70.774    179.526     23.149    -53.693    -20.959
      5.200    415.062    -76.116    177.362     19.971    -53.129    -22.332
      5.300    416.901    -81.399    175.062     16.813    -52.532    -23.672
      5.400    418.425    -86.620    172.629     13.672    -51.900    -24.982
      5.500    419.636    -91.777    170.067     10.544    -51.234    -26.264
      5.600    420.534    -96.865    167.378      7.428    -50.534    -27.518
      5.700    421.122   -101.882    164.564      4.320    -49.800    -28.747
      5.800    421.399   -106.824    161.629      1.218    -49.032    -29.951
      5.900    421.365   -111.687    158.575     -1.882    -48.228    -31.131
      6.000    421.022   -116.467    155.404     -4.982    -47.389    -32.289
      6.100    420.369   -121.163    152.119     -8.085    -46.512    -33.426
      6.200    419.405   -125.768    148.720    -11.193    -45.598    -34.542
      6.300    418.130   -130.280    145.211    -14.309    -44.646    -35.638
      6.400    416.543   -134.695    141.594    -17.437    -43.653    -36.716
      6.500    414.642   -139.009    137.869    -20.579    -42.618    -37.775
      6.600    412.426   -143.217    134.039    -23.737    -41.540    -38.816
      6.700    409.893   -147.315    130.107    -26.916    -40.417    -39.840
      6.800    407.042   -151.298    126.072    -30.118    -39.247    -40.847
      6.900    403.868   -155.161    121.938    -33.346    -38.027    -41.837
      7.000    400.371   -158.900    117.706    -36.604    -36.755    -42.811
      7.100    396.546   -162.510    113.377    -39.896    -35.427    -43.768
      7.200    392.390   -165.983    108.953    -43.224    -34.041    -44.709
      7.300    387.899   -169.315    104.436    -46.593    -32.594    -45.634
      7.400    383.069   -172.498     99.827    -50.007    -31.080    -46.542
      7.500    377.895   -175.527     95.128    -53.471    -29.496    -47.432
      7.600    372.372   -178.394     90.341    -56.988    -27.837    -48.306
      7.700    366.494   -181.090     85.468    -60.565    -26.096    -49.160
      7.800    360.256   -183.609     80.510    -64.206    -24.269    -49.995
      7.900    353.650   -185.940     75.470    -67.917    -22.348    -50.810
      8.000    346.669   -188.073     70.349    -71.704    -20.326    -51.603
      8.100    339.305   -189.999     65.151    -75.574    -18.193    -52.372
      8.200    331.549   -191.706     59.876    -79.535    -15.939    -53.114
      8.300    323.393   -193.180     54.529    -83.594    -13.554    -53.828
      8.400    314.825   -194.409     49.112    -87.759    -11.024    -54.509
      8.500    305.835   -195.377     43.629    -92.041     -8.335    -55.155
      8.600    296.411   -196.068     38.083    -96.450     -5.469    -55.758
      8.700    286.538   -196.461     32.480   -100.997     -2.408    -56.315
      8.800    276.204   -196.538     26.823   -105.694      0.873    -56.816
      8.900    265.391   -196.275     21.120   -110.556      4.399    -57.254
      9.000    254.084   -195.644     15.376   -115.598      8.203    -57.616
      9.100    242.262   -194.618      9.601   -120.836     12.321    -57.888
      9.200    229.906   -193.162      3.804   -126.288     16.799    -58.052
      9.300    216.992   -191.238     -2.003   -131.975     21.691    -58.082
      9.400    203.498   -188.800     -7.803   -137.916     27.060    -57.932
      9.500    189.395   -185.798    -13.579   -144.133     32.988    -57.580
      9.600    174.656   -182.170    -19.307   -150.647     39.572    -56.976
      9.700    159.250   -177.844    -24.958   -157.478     46.937    -56.053
      9.800    143.144   -172.736    -30.497   -164.637     55.237    -54.719
      9.900    126.306   -166.740    -35.875   -172.126     64.672    -52.849
     10.000    108.704   -159.732    -41.031   -179.917     75.495    -50.269
     10.100     90.311   -151.555    -45.881   -187.934     88.034    -46.729
