#         t          x          y          z         vx         vy         vz
      0.000     -0.890      2.340     -1.430     -1.180      5.390     -1.630
      0.071     -1.120      2.430     -1.490     -2.380      5.050     -0.760
      0.143     -1.540      2.730     -1.570     -6.260      8.980     -0.920
      0.214     -1.980      3.290     -1.600     -3.890      7.430     -0.060
      0.286     -2.340      3.820     -1.610     -5.320      6.990      0.430
      0.357     -2.600      4.390     -1.580     -7.450      5.970      0.270
      0.429     -3.020      5.050     -1.640     -6.490     12.930     -2.260
      0.500     -3.310      5.680     -1.830     -3.080      8.650     -3.530
      0.571     -3.610      6.160     -2.030     -4.430      5.070     -2.430
      0.643     -4.030      6.600     -2.200     -6.930      5.030     -1.440
      0.714     -4.530      7.190     -2.290     -6.890      7.870     -1.670
      0.786     -5.030      8.070     -2.550     -6.650     12.390     -6.710
      0.857     -5.400      8.890     -3.090     -8.980      7.320     -9.050
      0.929     -6.020      9.640     -3.650    -10.960     10.850     -8.630
      1.000     -6.580     10.350     -4.290     -5.010     12.800     -8.270
      1.071     -6.970     11.000     -4.880     -5.520     11.520    -10.130
      1.143     -7.480     11.940     -5.610     -7.310     17.160    -12.040
      1.214     -8.060     13.150     -6.380     -6.530     15.330    -10.740
      1.286     -8.740     14.370     -7.150    -11.490     15.630    -10.390
      1.357     -9.420     15.800     -7.940     -9.800     19.820    -11.150
      1.429    -10.010     17.080     -8.820    -11.800     14.170    -13.780
      1.500    -10.700     18.330     -9.820    -11.890     20.530    -14.770
      1.571    -11.450     19.810    -10.840    -11.290     24.770    -16.180
      1.643    -12.300     21.540    -11.790    -12.910     25.700    -12.440
      1.714    -13.220     23.400    -12.730    -12.090     26.370    -13.400
      1.786    -14.180     25.250    -13.750    -14.230     25.140    -15.990
      1.857    -15.330     27.230    -14.810    -18.290     28.960    -15.130
      1.929    -16.670     29.410    -15.770    -21.640     30.740    -14.990
      2.000    -18.210     31.740    -16.870    -21.900     34.670    -16.310
      2.071    -19.830     34.300    -17.990    -21.370     41.280    -15.830
      2.143    -21.310     37.020    -19.180    -17.550     39.630    -16.620
      2.214    -22.770     39.910    -20.430    -19.020     40.100    -19.560
      2.286    -24.370     42.790    -21.840    -23.310     38.930    -20.410
      2.357    -26.050     45.880    -23.170    -22.430     43.180    -19.460
      2.429    -27.690     49.030    -24.500    -24.770     42.230    -19.550
      2.500    -29.380     52.300    -25.890    -25.270     50.550    -20.290
      2.571    -31.030     55.970    -27.350    -24.810     53.150    -21.440
      2.643    -32.820     59.690    -28.770    -26.330     54.360    -19.950
      2.714    -34.790     63.540    -30.280    -27.640     54.460    -21.310
      2.786    -36.900     67.660    -31.900    -29.270     60.840    -24.050
      2.857    -39.070     72.170    -33.620    -29.490     63.320    -23.870
      2.929    -41.200     76.840    -35.400    -30.730     66.870    -27.610
      3.000    -43.300     81.880    -37.410    -32.870     73.030    -29.120
      3.071    -45.390     87.360    -39.450    -30.110     79.260    -28.220
      3.143    -47.670     93.140    -41.500    -33.490     82.690    -30.040
      3.214    -50.190     99.190    -43.670    -36.940     86.480    -30.180
      3.286    -52.910    105.620    -45.760    -38.880     91.050    -29.280
      3.357    -55.730    112.490    -47.930    -42.810     98.330    -31.030
      3.429    -58.740    120.010    -50.140    -43.650    109.670    -32.050
      3.500    -61.760    128.300    -52.280    -40.350    123.100    -30.310
      3.571    -64.770    137.300    -54.360    -43.670    131.900    -28.340
      3.643    -67.920    147.380    -56.330    -43.070    149.860    -28.090
      3.714    -71.020    158.830    -58.080    -41.930    170.670    -21.190
      3.786    -74.170    171.790    -59.260    -42.470    193.050    -11.440
      3.857    -77.040    186.720    -59.400    -35.600    226.210      9.300
      3.929    -78.670    204.360    -57.240     -5.830    265.730     57.380
      4.000    -76.830    223.060    -50.360     58.800    246.840    129.500
      4.071    -71.350    238.280    -40.080     90.130    183.160    148.730
      4.143    -64.950    249.230    -30.130     85.290    126.590    129.840
      4.214    -59.050    256.930    -21.890     76.000     90.700    103.830
      4.286    -53.840    262.380    -15.180     67.390     65.480     85.280
      4.357    -49.090    266.220     -9.690     63.000     43.780     72.570
      4.429    -44.720    268.660     -5.010     59.390     25.650     62.780
      4.500    -40.550    270.020     -0.930     58.990     10.120     52.030
      4.571    -36.470    270.160      2.720     55.090     -7.030     48.960
      4.643    -32.660    269.360      6.060     51.150    -17.690     43.180
      4.714    -29.010    267.760      9.020     51.800    -28.290     37.890
      4.786    -25.430    265.300     11.630     50.620    -40.660     32.830
      4.857    -21.880    262.080     13.940     49.130    -51.210     30.530
      4.929    -18.520    258.110     16.050     45.590    -60.210     27.670
      5.000    -15.460    253.380     17.810     41.530    -69.900     21.500
      5.071    -12.630    247.980     19.140     37.570    -79.850     15.620
      5.143     -9.940    241.980     19.920     35.990    -86.540      5.760
      5.214     -7.450    235.520     19.940     32.710    -91.600     -7.540
      5.286     -5.140    228.850     18.930     32.460    -88.880    -21.390
      5.357     -2.680    222.350     17.430     37.760    -88.230    -23.670
      5.429     -0.130    215.500     15.870     37.190    -98.140    -21.590
      5.500      2.350    207.880     14.410     35.670   -114.620    -18.680
      5.571      4.700    199.180     13.090     32.330   -129.490    -16.390
      5.643      6.710    189.120     11.680     23.400   -151.540    -21.440
      5.714      8.000    177.360      9.800     10.160   -177.160    -29.960
      5.786      8.140    163.160      6.940    -12.120   -223.080    -50.310
      5.857      4.190    144.660      1.530   -171.470   -232.800    -88.040
      5.929     -4.470    135.280     -0.860    -81.550    -70.600    -14.640
      6.000     -6.910    132.090     -0.120     24.500    -33.740     22.850
      6.071     -4.900    131.820      2.030     79.690     -1.370     49.450
      6.143      0.260    133.610      5.200    125.350     41.680     71.920
      6.214      8.270    138.240      9.690    192.680    139.500    118.630
      6.286     15.160    142.710     15.760     25.600    -56.180      0.020
      6.357     18.330    140.170     18.230     39.040    -49.390     18.800
      6.429     21.860    137.770     20.630     41.070    -27.600     17.820
      6.500     25.760    136.140     23.520     37.780    -19.240     20.750
      6.571     29.620    134.160     25.800     40.300    -29.310     20.880
      6.643     33.550    132.040     28.010     40.000    -22.770     34.890
      6.714     37.230    130.000     30.520     38.050    -26.100     32.240
      6.786     40.450    127.660     33.030     40.120    -27.460     38.990
      6.857     43.480    125.120     35.340     41.330    -30.200     30.030
      6.929     46.380    122.710     37.220     41.090    -29.260     22.810
      7.000     49.300    120.630     38.920     37.170    -26.930     23.190
      7.071     52.190    118.890     40.630     39.050    -25.180     29.960
      7.143     55.030    117.410     42.300     31.980    -24.190     23.300
      7.214     57.690    115.800     43.680     34.050    -24.520     19.310
      7.286     60.330    114.080     45.160     33.010    -25.100     23.050
      7.357     62.880    112.260     46.840     33.170    -26.030     22.490
      7.429     65.290    110.390     48.800     28.850    -24.330     27.490
      7.500     67.430    108.550     50.710     27.210    -23.340     27.700
      7.571     69.540    106.640     52.450     28.220    -28.280     25.010
      7.643     71.550    104.700     54.090     31.510    -26.490     29.180
      7.714     73.500    103.050     55.730     28.840    -20.790     24.750
      7.786     75.330    101.570     57.040     27.100    -20.690     19.590
      7.857     77.230    100.190     58.180     29.320    -18.590     18.930
      7.929     79.290     99.050     59.320     32.760    -18.910     16.620
      8.000     81.650     97.950     60.560     37.500    -15.830     20.210
      8.071     84.220     96.940     62.080     36.410    -18.480     23.920
      8.143     86.830     95.770     63.710     39.280    -20.660     22.100
      8.214     89.540     94.530     65.650     37.900    -16.350     30.910
      8.286     92.390     93.410     68.060     41.990    -16.270     36.840
      8.357     95.270     92.040     70.600     40.180    -24.470     36.240
      8.429     98.040     90.550     73.070     36.860    -23.140     36.540
      8.500    100.680     88.950     75.360     34.290    -25.670     32.010
      8.571    103.250     87.260     77.430     32.820    -27.450     28.680
      8.643    105.740     85.500     79.370     34.180    -26.230     24.940
      8.714    108.090     83.580     81.150     31.100    -28.480     23.130
      8.786    110.230     81.650     82.690     28.650    -26.660     17.730
      8.857    112.430     79.760     84.200     30.780    -25.490     17.820
      8.929    114.750     77.830     85.820     33.360    -27.240     23.040
      9.000    116.970     75.840     87.420     30.690    -25.550     22.130
      9.071    119.050     73.980     88.940     30.260    -22.410     21.870
      9.143    121.070     72.220     90.270     30.040    -27.730     17.060
      9.214    123.110     70.420     91.520     30.470    -27.610     19.860
      9.286    125.190     68.710     92.860     31.760    -27.060     22.780
      9.357    127.350     66.950     94.280     30.440    -26.720     19.940
      9.429    129.350     65.150     95.660     26.260    -28.650     20.840
      9.500    131.340     63.450     97.250     26.860    -23.560     25.340
      9.571    133.300     62.010     99.020     28.170    -18.630     25.360
      9.643    135.280     60.840    100.810     27.920    -13.460     26.470
      9.714    137.390     59.760    102.660     30.830    -13.680     22.300
      9.786    139.630     58.590    104.470     34.150    -17.480     23.350
      9.857    142.080     57.350    106.360     34.840    -17.610     25.920
      9.929    144.650     56.150    108.490     37.730    -18.120     32.380
     10.000    147.240     54.890    110.740     39.740    -21.990     33.280
     10.071    149.740     53.490    112.940     36.490    -20.000     31.820
     10.143    152.050     52.050    115.140     31.900    -17.920     34.230
     10.214    154.260     50.630    117.390     32.240    -18.470     31.410
     10.286    156.380     49.170    119.570     31.710    -18.520     32.110
     10.357    158.490     47.680    121.560     31.900    -16.920     28.480
     10.429    160.610     46.150    123.270     32.900    -22.080     25.800
     10.500    162.790     44.430    124.790     28.490    -26.700     22.040
     10.571    164.900     42.570    126.100     29.870    -29.540     18.440
     10.643    167.050     40.570    127.260     30.840    -30.240     17.660
     10.714    169.220     38.650    128.430     30.180    -27.930     17.960
     10.786    171.260     36.890    129.740     26.020    -26.160     18.640
     10.857    173.160     35.310    131.260     25.570    -21.870     20.560
     10.929    175.260     33.950    133.050     32.380    -17.120     24.810
     11.000    177.580     32.590    135.100     32.760    -16.600     28.270
     11.071    179.880     31.130    137.200     30.280    -20.550     27.310
     11.143    182.020     29.490    139.110     29.070    -21.520     27.170
     11.214    184.250     27.770    140.990     31.150    -23.400     29.150
     11.286    186.450     26.180    142.880     28.310    -20.900     25.330
     11.357    188.540     24.700    144.700     27.030    -20.560     28.520
