#         t          x          y          z         vx         vy         vz
      0.000   -377.720    611.450   -284.610     72.430    -72.590     49.780
      0.071   -372.520    606.250   -281.050     73.040    -74.150     50.360
      0.143   -367.180    600.910   -277.570     75.330    -76.750     50.480
      0.214   -361.770    595.430   -274.010     75.340    -78.560     52.970
      0.286   -356.480    589.900   -270.490     72.390    -81.230     51.790
      0.357   -351.250    584.150   -266.970     69.610    -81.120     49.460
      0.429   -346.170    578.260   -263.510     67.700    -82.400     47.500
      0.500   -341.270    572.280   -260.160     69.100    -82.590     43.530
      0.571   -336.480    566.210   -256.800     66.020    -84.580     45.760
      0.643   -331.950    560.200   -253.500     62.800    -83.600     44.160
      0.714   -327.730    554.320   -250.360     58.750    -81.430     42.130
      0.786   -323.760    548.530   -247.320     52.100    -81.540     43.610
      0.857   -320.140    542.940   -244.360     46.220    -75.810     42.200
      0.929   -316.760    537.630   -241.460     45.650    -71.430     40.030
      1.000   -313.470    532.540   -238.410     45.280    -68.870     43.430
      1.071   -310.280    527.650   -235.130     43.060    -67.150     48.630
      1.143   -307.060    522.990   -231.610     45.360    -64.300     50.210
      1.214   -303.800    518.480   -227.900     47.930    -63.480     54.300
      1.286   -300.390    514.030   -223.910     48.440    -62.310     56.880
      1.357   -296.780    509.670   -219.810     52.620    -61.420     59.240
      1.429   -292.970    505.270   -215.510     55.630    -62.340     62.150
      1.500   -288.890    500.820   -211.040     57.490    -62.470     62.370
      1.571   -284.670    496.340   -206.530     60.330    -62.970     64.110
      1.643   -280.200    491.760   -201.890     63.890    -63.610     63.960
      1.714   -275.500    487.020   -197.110     70.350    -68.510     66.230
      1.786   -270.550    482.140   -192.190     73.370    -68.530     67.400
      1.857   -265.400    477.220   -187.250     75.830    -70.510     70.330
      1.929   -260.010    472.200   -182.250     79.250    -73.690     71.570
      2.000   -254.480    467.040   -177.230     78.910    -73.780     71.030
      2.071   -248.740    461.680   -172.180     83.210    -77.460     71.900
      2.143   -242.760    456.060   -167.000     84.540    -80.290     72.460
      2.214   -236.580    450.230   -161.770     86.480    -81.680     72.780
      2.286   -230.340    444.270   -156.420     89.270    -84.300     72.890
      2.357   -223.980    438.160   -151.090     92.660    -86.900     71.090
      2.429   -217.620    431.760   -145.780     89.160    -91.480     73.010
      2.500   -211.250    425.140   -140.480     89.950    -94.090     73.240
      2.571   -204.750    418.290   -135.130     92.950    -96.420     73.720
      2.643   -198.180    411.290   -129.790     90.810    -98.240     74.530
      2.714   -191.530    404.260   -124.440     94.460    -98.540     72.770
      2.786   -184.710    397.020   -119.050     94.210   -100.530     75.010
      2.857   -177.790    389.590   -113.560     96.530   -104.660     77.110
      2.929   -170.800    381.930   -107.910     96.310   -105.650     77.890
      3.000   -163.800    374.030   -102.160     96.280   -111.790     80.420
      3.071   -156.740    365.860    -96.280     98.540   -112.220     82.100
      3.143   -149.440    357.480    -90.330    101.380   -117.370     82.840
      3.214   -142.040    348.760    -84.280    102.480   -122.220     84.740
      3.286   -134.510    339.680    -78.090    105.260   -129.830     88.400
      3.357   -126.830    330.140    -71.750    111.610   -135.240     87.400
      3.429   -118.760    320.110    -65.400    114.890   -145.150     88.670
      3.500   -110.520    309.430    -59.160    117.410   -158.830     88.130
      3.571   -102.080    297.830    -52.970    119.240   -170.900     91.110
      3.643    -93.400    285.320    -46.890    120.890   -181.950     87.080
      3.714    -84.450    271.670    -41.100    124.750   -200.620     80.320
      3.786    -75.350    256.440    -35.670    125.420   -228.290     73.140
      3.857    -66.390    239.100    -31.010    123.810   -260.520     53.030
      3.929    -58.400    219.110    -28.230     95.690   -298.620     13.190
      4.000    -53.490    197.800    -29.480     41.140   -285.210    -51.670
      4.071    -51.940    179.310    -33.960     11.990   -229.640    -67.130
      4.143    -51.250    164.450    -38.600     15.890   -184.620    -59.900
      4.214    -50.220    152.170    -42.250     19.170   -155.750    -43.600
      4.286    -48.770    141.680    -44.780     22.400   -134.830    -25.680
      4.357    -47.180    132.690    -46.280     20.330   -113.820    -13.450
      4.429    -45.640    124.960    -47.070     18.380    -99.020     -4.610
      4.500    -44.250    118.430    -47.250     17.620    -82.690     -0.100
      4.571    -43.020    113.060    -47.080     15.940    -65.350      3.400
      4.643    -41.930    108.770    -46.620     15.320    -54.990      8.790
      4.714    -40.870    105.320    -45.880     13.730    -44.070     14.010
      4.786    -39.800    102.730    -44.980     13.060    -30.720     14.100
      4.857    -38.720    100.950    -43.980     15.220    -20.970     16.950
      4.929    -37.500     99.850    -42.840     17.330    -12.190     17.920
      5.000    -36.160     99.370    -41.580     18.940     -4.120     22.160
      5.071    -34.700     99.450    -40.060     19.260      6.090     25.150
      5.143    -33.050    100.140    -38.270     23.780     13.800     30.090
      5.214    -31.290    101.350    -36.140     23.880     20.020     34.040
      5.286    -29.370    103.120    -33.740     27.570     28.900     37.760
      5.357    -27.230    105.500    -31.100     31.340     38.150     40.650
      5.429    -24.900    108.540    -28.060     35.150     46.930     46.730
      5.500    -22.430    112.240    -24.620     38.460     55.960     51.950
      5.571    -19.780    116.860    -20.760     42.630     71.200     58.490
      5.643    -16.710    122.550    -16.410     50.080     87.280     68.940
      5.714    -13.050    129.580    -11.310     60.980    110.650     79.410
      5.786     -8.290    138.620     -5.070     80.090    146.340    100.270
      5.857     -0.480    150.710      3.230    196.860    149.080    134.250
      5.929     10.490    156.800      9.130    121.780     20.060     64.110
      6.000     17.670    157.890     12.140     51.600     -7.100     40.230
      6.071     21.910    156.350     14.000      9.030    -21.700     20.460
      6.143     24.010    152.820     15.370    -15.520    -51.930      9.390
      6.214     24.160    147.090     16.090    -54.180   -117.000    -21.530
      6.286     24.790    141.300     16.030     55.870      0.920     50.590
      6.357     27.440    139.800     18.080     36.330     -7.560     49.300
      6.429     29.570    138.250     20.110     29.450    -27.750     39.580
      6.500     31.260    136.110     21.950     37.740    -34.760     39.290
      6.571     32.820    134.270     24.410     36.150    -26.240     47.590
      6.643     34.620    132.690     26.970     41.710    -26.460     43.950
      6.714     36.890    131.060     29.430     42.080    -27.960     40.840
      6.786     39.470    129.310     31.790     38.780    -34.830     28.360
      6.857     42.060    127.430     34.020     40.090    -33.190     28.070
      6.929     44.550    125.360     36.260     40.030    -33.830     28.670
      7.000     47.020    123.120     38.380     39.520    -31.960     27.360
      7.071     49.440    120.730     40.200     34.440    -36.010     14.300
      7.143     51.910    118.350     41.810     33.660    -30.280     13.450
      7.214     54.450    116.200     43.480     34.690    -27.740     14.090
      7.286     57.100    114.270     45.160     36.860    -28.230     14.730
      7.357     59.740    112.450     46.870     35.660    -24.990     21.280
      7.429     62.270    110.780     48.510     35.570    -22.760     19.780
      7.500     64.910    109.160     50.080     35.930    -24.170     21.530
      7.571     67.560    107.580     51.670     36.030    -21.380     22.330
      7.643     70.220    106.080     53.210     34.360    -21.120     22.030
      7.714     72.830    104.570     54.670     32.120    -20.200     21.990
      7.786     75.440    103.200     56.170     32.400    -17.380     22.370
      7.857     78.040    101.870     57.620     29.150    -19.210     18.220
      7.929     80.640    100.540     59.090     32.590    -18.710     18.330
      8.000     83.270     99.150     60.650     34.970    -18.970     20.500
      8.071     85.810     97.810     62.410     34.810    -16.670     23.100
      8.143     88.220     96.570     64.300     34.390    -16.170     23.300
      8.214     90.540     95.400     66.240     32.360    -17.860     26.390
      8.286     92.760     94.130     68.240     34.940    -18.010     32.040
      8.357     94.990     92.760     70.370     36.410    -19.870     35.030
      8.429     97.380     91.140     72.400     36.460    -25.440     31.590
      8.500     99.870     89.310     74.320     36.690    -28.230     31.160
      8.571    102.530     87.330     76.270     36.190    -27.060     30.520
      8.643    105.100     85.280     78.120     31.530    -32.590     25.000
      8.714    107.440     83.200     80.000     30.260    -29.790     24.360
      8.786    109.780     81.270     81.850     33.560    -27.320     23.740
      8.857    112.140     79.380     83.580     32.160    -29.080     18.950
      8.929    114.370     77.400     85.200     30.520    -26.780     18.840
      9.000    116.550     75.420     86.850     31.780    -26.160     20.720
      9.071    118.610     73.410     88.550     29.120    -23.610     21.290
      9.143    120.590     71.390     90.180     31.160    -25.480     19.650
      9.214    122.570     69.310     91.780     31.870    -26.040     20.930
      9.286    124.500     67.310     93.300     30.150    -24.280     19.240
      9.357    126.460     65.390     94.810     30.950    -25.710     21.270
      9.429    128.370     63.650     96.210     27.670    -22.510     21.610
      9.500    130.260     62.100     97.550     24.900    -17.850     23.950
      9.571    132.240     60.810     98.910     26.580    -15.850     21.890
      9.643    134.310     59.680    100.430     27.710    -14.070     23.190
      9.714    136.550     58.730    102.220     29.470    -13.590     23.700
      9.786    138.920     57.810    104.130     33.020    -14.790     24.250
      9.857    141.420     56.850    106.180     33.680    -18.670     27.430
      9.929    143.930     55.830    108.330     34.460    -21.520     29.920
     10.000    146.420     54.780    110.490     35.240    -19.570     29.570
     10.071    148.980     53.690    112.660     34.770    -19.660     31.320
     10.143    151.570     52.470    114.790     32.640    -18.560     32.400
     10.214    154.170     51.090    116.900     32.810    -20.200     32.240
     10.286    156.910     49.530    118.990     35.420    -19.680     30.030
     10.357    159.660     47.850    121.170     34.880    -22.240     29.050
     10.429    162.320     46.100    123.430     33.770    -22.730     27.300
     10.500    164.850     44.170    125.620     31.770    -28.760     24.140
     10.571    167.180     42.100    127.600     30.760    -31.630     19.830
     10.643    169.310     40.040    129.320     29.820    -28.690     18.800
     10.714    171.220     38.120    130.860     30.650    -27.000     18.470
     10.786    173.010     36.280    132.250     27.450    -25.460     18.700
     10.857    174.650     34.520    133.550     26.180    -18.190     17.950
     10.929    176.290     32.960    134.780     28.120    -17.270     21.510
     11.000    178.000     31.530    136.100     30.020    -15.270     25.710
     11.071    179.930     30.200    137.540     31.250    -16.720     26.800
     11.143    181.940     28.850    139.080     29.300    -20.140     28.400
     11.214    183.970     27.470    140.690     29.020    -20.240     29.300
     11.286    186.130     26.270    142.340     29.530    -16.740     27.470
     11.357    188.390     25.070    144.010     29.560    -21.980     26.690
